%YAML:1.0
---
M1: !!opencv-matrix
   rows: 3
   cols: 3
   dt: d
   data: [ 1281.92632449700,      -0.655102797943912,           636.746243799524,
            0,                    1280.95660956502,             518.323017636663,
            0,                          0,                              1
         ]
D1: !!opencv-matrix
   rows: 1
   cols: 5
   dt: d
   data: [ -0.213601355404153,
           -0.000607753884208637,
           -0.00230828236671813,
           0.00152077372486510,
           0.873296700401866]
       