%YAML:1.0
---
M1: !!opencv-matrix
   rows: 3
   cols: 3
   dt: d
   data: [ 2571.38035922203,      1.06063516733845,             700.315998150372,
            0,                    2570.87272549483,             548.502435441865,
            0,                          0,                              1
         ]
D1: !!opencv-matrix
   rows: 1
   cols: 5
   dt: d
   data: [ 0.00190847799088198,
           0.889073539322024,
           0.00484010029719091,
           0.00710310079624469,
           -5.14737468079810]
            