static const cv::Mat caremaMatrix_shoot = (
        cv::Mat_<float>(3, 3) << 1281.92632449700,      -0.655102797943912,           636.746243799524,
                                 0,                     1280.95660956502,              518.323017636663,
                                 0,                     0,                              1
                                  );
    //畸变参数
static const cv::Mat distCoeffs_shoot = (
        cv::Mat_<float>(1, 5) << -0.213601355404153,
                                 -0.000607753884208637,
                                 -0.00230828236671813,
                                 0.00152077372486510,
                                 0.873296700401866);


M1: !!opencv-matrix
   rows: 3
   cols: 3
   dt: d
   data: [ 2571.38035922203,      1.06063516733845,             700.315998150372,
            0,                    2570.87272549483,             548.502435441865,
            0,                          0,                              1
         ]
D1: !!opencv-matrix
   rows: 1
   cols: 5
   dt: d
   data: [ 0.00190847799088198,
           0.889073539322024,
           0.00484010029719091,
           0.00710310079624469,
           -5.14737468079810]
            


